image_width: 2048
image_height: 1088
camera_name: cam0
camera_matrix:
  rows: 3
  cols: 3
  data: [1119.909708, 0.000000, 1019.790532, 0.000000, 1127.881617, 548.696473, 0.000000, 0.000000, 1.000000]
distortion_model: plumb_bob
distortion_coefficients:
  rows: 1
  cols: 5
  data: [-0.114719, 0.201396, 0.001065, -0.002044, 0.000000]
rectification_matrix:
  rows: 3
  cols: 3
  data: [1.000000, 0.000000, 0.000000, 0.000000, 1.000000, 0.000000, 0.000000, 0.000000, 1.000000]
projection_matrix:
  rows: 3
  cols: 4
  data: [1198.409180, 0.000000, 1016.387905, 0.000000, 0.000000, 1207.167358, 549.241593, 0.000000, 0.000000, 0.000000, 1.000000, 0.000000]
